   0.0000000e+00   0.0000000e+00
   5.0000000e-01   0.0000000e+00
   1.0000000e+00   0.0000000e+00
   1.5000000e+00   0.0000000e+00
   2.0000000e+00   0.0000000e+00
   2.5000000e+00   0.0000000e+00
   3.0000000e+00   0.0000000e+00
   3.5000000e+00   0.0000000e+00
   4.0000000e+00   0.0000000e+00
   4.5000000e+00   4.3530325e-01
   5.0000000e+00   6.6415505e-01
   5.5000000e+00   7.7299501e-01
   6.0000000e+00   8.1429270e-01
   6.5000000e+00   8.1830120e-01
   7.0000000e+00   8.0280972e-01
   7.5000000e+00   7.7876053e-01
   8.0000000e+00   7.5300212e-01
   8.5000000e+00   7.2964027e-01
   9.0000000e+00   7.1083766e-01
   9.5000000e+00   6.9740540e-01
   1.0000000e+01   6.8927762e-01
   1.0500000e+01   6.8588048e-01
   1.1000000e+01   6.8639925e-01
   1.1500000e+01   6.8995663e-01
   1.2000000e+01   6.9572173e-01
   1.2500000e+01   7.0296882e-01
   1.3000000e+01   7.1110213e-01
   1.3500000e+01   7.1965879e-01
   1.4000000e+01   7.2829865e-01
   1.4500000e+01   7.3678719e-01
   1.5000000e+01   7.4497553e-01
   1.5500000e+01   7.5278065e-01
   1.6000000e+01   7.6016722e-01
   1.6500000e+01   7.6713227e-01
   1.7000000e+01   7.7369286e-01
   1.7500000e+01   7.7987681e-01
   1.8000000e+01   7.8571608e-01
   1.8500000e+01   7.9124251e-01
   1.9000000e+01   7.9648527e-01
   1.9500000e+01   8.0146963e-01
   2.0000000e+01   8.0621663e-01
   2.0500000e+01   8.1074337e-01
   2.1000000e+01   8.1506354e-01
   2.1500000e+01   8.1918810e-01
   2.2000000e+01   8.2312595e-01
   2.2500000e+01   8.2688454e-01
   2.3000000e+01   8.3047038e-01
   2.3500000e+01   8.3388940e-01
   2.4000000e+01   8.3714724e-01
   2.4500000e+01   8.4024941e-01
   2.5000000e+01   8.4320137e-01
   2.5500000e+01   8.4600862e-01
   2.6000000e+01   8.4867667e-01
   2.6500000e+01   8.5121102e-01
   2.7000000e+01   1.1322303e+00
   2.7500000e+01   1.3663684e+00
   2.8000000e+01   1.5320404e+00
   2.8500000e+01   1.6346050e+00
   2.9000000e+01   1.6905173e+00
   2.9500000e+01   1.7167995e+00
   3.0000000e+01   1.7266904e+00
   3.0500000e+01   1.7290236e+00
   3.1000000e+01   1.7290944e+00
   3.1500000e+01   1.7297777e+00
   3.2000000e+01   1.7324324e+00
   3.2500000e+01   1.7375183e+00
   3.3000000e+01   1.7449858e+00
   3.3500000e+01   1.7545182e+00
   3.4000000e+01   1.7656801e+00
   3.4500000e+01   1.7780084e+00
   3.5000000e+01   1.7910674e+00
   3.5500000e+01   1.8044776e+00
   3.6000000e+01   1.8179290e+00
   3.6500000e+01   1.8311828e+00
   3.7000000e+01   1.8440667e+00
   3.7500000e+01   1.8564664e+00
   3.8000000e+01   1.8683146e+00
   3.8500000e+01   1.8795810e+00
   3.9000000e+01   1.8902622e+00
   3.9500000e+01   1.9003732e+00
   4.0000000e+01   1.9099405e+00
   4.0500000e+01   1.9189966e+00
   4.1000000e+01   1.9275760e+00
   4.1500000e+01   1.9357128e+00
   4.2000000e+01   1.9434385e+00
   4.2500000e+01   1.9507821e+00
   4.3000000e+01   1.9577689e+00
   4.3500000e+01   1.9644212e+00
   4.4000000e+01   1.9707582e+00
   4.4500000e+01   1.9767969e+00
   4.5000000e+01   1.9825521e+00
   4.5500000e+01   1.9880369e+00
   4.6000000e+01   1.9932636e+00
   4.6500000e+01   1.9982430e+00
   4.7000000e+01   2.0029857e+00
   4.7500000e+01   2.0075015e+00
   4.8000000e+01   2.0117997e+00
   4.8500000e+01   2.0158896e+00
   4.9000000e+01   2.0197798e+00
   4.9500000e+01   1.8274338e+00
   5.0000000e+01   1.7569438e+00
   5.0500000e+01   1.7517522e+00
   5.1000000e+01   1.7734763e+00
   5.1500000e+01   1.7998480e+00
   5.2000000e+01   1.8203485e+00
   5.2500000e+01   1.8318572e+00
   5.3000000e+01   1.8352119e+00
   5.3500000e+01   1.8328588e+00
   5.4000000e+01   1.8274546e+00
   5.4500000e+01   1.8211777e+00
   5.5000000e+01   1.8155014e+00
   5.5500000e+01   1.8112279e+00
   5.6000000e+01   1.8086383e+00
   5.6500000e+01   1.8076697e+00
   5.7000000e+01   1.8080710e+00
   5.7500000e+01   1.8095193e+00
   5.8000000e+01   1.8116943e+00
   5.8500000e+01   1.8143195e+00
   5.9000000e+01   1.8171773e+00
   5.9500000e+01   1.8201103e+00
   6.0000000e+01   1.8230125e+00
   6.0500000e+01   1.8258192e+00
   6.1000000e+01   1.8284954e+00
   6.1500000e+01   1.8310260e+00
   6.2000000e+01   1.8334086e+00
   6.2500000e+01   1.8356480e+00
   6.3000000e+01   1.8377521e+00
   6.3500000e+01   1.8397298e+00
   6.4000000e+01   1.8415901e+00
   6.4500000e+01   1.8433405e+00
   6.5000000e+01   1.8449879e+00
   6.5500000e+01   1.8465377e+00
   6.6000000e+01   1.8479945e+00
   6.6500000e+01   1.8493622e+00
   6.7000000e+01   1.8506440e+00
   6.7500000e+01   1.8518426e+00
   6.8000000e+01   1.8529605e+00
   6.8500000e+01   1.8540000e+00
   6.9000000e+01   1.8549632e+00
   6.9500000e+01   1.8558520e+00
   7.0000000e+01   1.8566683e+00
   7.0500000e+01   1.8574140e+00
   7.1000000e+01   1.8580907e+00
   7.1500000e+01   1.8586999e+00
   7.2000000e+01   1.8592432e+00
   7.2500000e+01   1.8597220e+00
   7.3000000e+01   1.8601374e+00
   7.3500000e+01   1.8604907e+00
   7.4000000e+01   1.8607830e+00
   7.4500000e+01   9.9040904e-01
   7.5000000e+01   5.3287943e-01
   7.5500000e+01   3.1531643e-01
   7.6000000e+01   2.3278283e-01
   7.6500000e+01   2.2477505e-01
   7.7000000e+01   2.5571835e-01
   7.7500000e+01   3.0373368e-01
   7.8000000e+01   3.5513191e-01
   7.8500000e+01   4.0170890e-01
   7.9000000e+01   4.3914524e-01
   7.9500000e+01   4.6582757e-01
   8.0000000e+01   4.8199038e-01
   8.0500000e+01   4.8879141e-01
   8.1000000e+01   4.8782585e-01
   8.1500000e+01   4.8080472e-01
   8.2000000e+01   4.6935581e-01
   8.2500000e+01   4.5491194e-01
   8.3000000e+01   4.3865968e-01
   8.3500000e+01   4.2152880e-01
   8.4000000e+01   4.0420777e-01
   8.4500000e+01   3.8717438e-01
   8.5000000e+01   3.7073351e-01
   8.5500000e+01   3.5505593e-01
   8.6000000e+01   3.4021463e-01
   8.6500000e+01   3.2621596e-01
   8.7000000e+01   3.1302498e-01
   8.7500000e+01   3.0058459e-01
   8.8000000e+01   2.8882916e-01
   8.8500000e+01   2.7769352e-01
   8.9000000e+01   2.6711812e-01
   8.9500000e+01   2.5705155e-01
   9.0000000e+01   2.4745112e-01
   9.0500000e+01   2.3828231e-01
   9.1000000e+01   2.2951754e-01
   9.1500000e+01   2.2113474e-01
   9.2000000e+01   2.1311592e-01
   9.2500000e+01   2.0544593e-01
   9.3000000e+01   1.9811140e-01
   9.3500000e+01   1.9109998e-01
   9.4000000e+01   1.8439979e-01
   9.4500000e+01   1.7799911e-01
   9.5000000e+01   1.7188617e-01
   9.5500000e+01   1.6604910e-01
   9.6000000e+01   1.6047595e-01
   9.6500000e+01   1.5515478e-01
   9.7000000e+01   1.5007374e-01
   9.7500000e+01   1.4522127e-01
   9.8000000e+01   1.4058618e-01
   9.8500000e+01   1.3615789e-01
   9.9000000e+01   1.3192663e-01
   9.9500000e+01   5.1997375e-01
   1.0000000e+02   6.6412689e-01
   1.0050000e+02   6.7751446e-01
   1.0100000e+02   6.3691377e-01
   1.0150000e+02   5.8687062e-01
   1.0200000e+02   5.4843603e-01
   1.0250000e+02   5.2796563e-01
   1.0300000e+02   5.2379442e-01
   1.0350000e+02   5.3100293e-01
   1.0400000e+02   5.4424491e-01
   1.0450000e+02   5.5913884e-01
   1.0500000e+02   5.7272484e-01
   1.0550000e+02   5.8339594e-01
   1.0600000e+02   5.9059446e-01
   1.0650000e+02   5.9445494e-01
   1.0700000e+02   5.9548964e-01
   1.0750000e+02   5.9435454e-01
   1.0800000e+02   5.9169843e-01
   1.0850000e+02   5.8808146e-01
   1.0900000e+02   5.8394330e-01
   1.0950000e+02   5.7960254e-01
   1.1000000e+02   5.7527272e-01
   1.1050000e+02   5.7108468e-01
   1.1100000e+02   5.6710913e-01
   1.1150000e+02   5.6337614e-01
   1.1200000e+02   5.5989048e-01
   1.1250000e+02   5.5664270e-01
   1.1300000e+02   5.5361657e-01
   1.1350000e+02   5.5079379e-01
   1.1400000e+02   5.4815656e-01
   1.1450000e+02   5.4568885e-01
   1.1500000e+02   5.4337681e-01
   1.1550000e+02   5.4120865e-01
   1.1600000e+02   5.3917441e-01
   1.1650000e+02   5.3726550e-01
   1.1700000e+02   5.3547436e-01
   1.1750000e+02   5.3379411e-01
   1.1800000e+02   5.3221837e-01
   1.1850000e+02   5.3074105e-01
   1.1900000e+02   5.2935632e-01
   1.1950000e+02   5.2805858e-01
   1.2000000e+02   5.2684259e-01
   1.2050000e+02   5.2570364e-01
   1.2100000e+02   5.2463785e-01
   1.2150000e+02   5.2364265e-01
   1.2200000e+02   5.2271750e-01
   1.2250000e+02   5.2186492e-01
   1.2300000e+02   5.2109213e-01
   1.2350000e+02   5.2040418e-01
   1.2400000e+02   5.1980080e-01
   1.2450000e+02  -3.7947119e-02
   1.2500000e+02  -5.0208211e-01
   1.2550000e+02  -8.2944268e-01
   1.2600000e+02  -1.0307582e+00
   1.2650000e+02  -1.1389446e+00
   1.2700000e+02  -1.1880447e+00
   1.2750000e+02  -1.2045306e+00
   1.2800000e+02  -1.2060620e+00
   1.2850000e+02  -1.2032218e+00
   1.2900000e+02  -1.2017536e+00
   1.2950000e+02  -1.2043693e+00
   1.3000000e+02  -1.2119829e+00
   1.3050000e+02  -1.2244912e+00
   1.3100000e+02  -1.2412558e+00
   1.3150000e+02  -1.2614012e+00
   1.3200000e+02  -1.2839970e+00
   1.3250000e+02  -1.3081661e+00
   1.3300000e+02  -1.3331446e+00
   1.3350000e+02  -1.3583067e+00
   1.3400000e+02  -1.3831694e+00
   1.3450000e+02  -1.4073826e+00
   1.3500000e+02  -1.4307116e+00
   1.3550000e+02  -1.4530164e+00
   1.3600000e+02  -1.4742311e+00
   1.3650000e+02  -1.4943433e+00
   1.3700000e+02  -1.5133781e+00
   1.3750000e+02  -1.5313831e+00
   1.3800000e+02  -1.5484183e+00
   1.3850000e+02  -1.5645480e+00
   1.3900000e+02  -1.5798352e+00
   1.3950000e+02  -1.5943389e+00
   1.4000000e+02  -1.6081116e+00
   1.4050000e+02  -1.6211995e+00
   1.4100000e+02  -1.6336425e+00
   1.4150000e+02  -1.6454743e+00
   1.4200000e+02  -1.6567242e+00
   1.4250000e+02  -1.6674171e+00
   1.4300000e+02  -1.6775750e+00
   1.4350000e+02  -1.6872173e+00
   1.4400000e+02  -1.6963620e+00
   1.4450000e+02  -1.7050259e+00
   1.4500000e+02  -1.7132250e+00
   1.4550000e+02  -1.7209755e+00
   1.4600000e+02  -1.7282937e+00
   1.4650000e+02  -1.7351972e+00
   1.4700000e+02  -1.7417052e+00
   1.4750000e+02  -1.7478402e+00
   1.4800000e+02  -1.7536296e+00
   1.4850000e+02  -1.7590991e+00
   1.4900000e+02  -1.7642711e+00
   1.4950000e+02  -1.7691728e+00
   1.5000000e+02  -1.7740233e+00
