   0.0000000e+00   0.0000000e+00
   5.0000000e-01   0.0000000e+00
   1.0000000e+00   0.0000000e+00
   1.5000000e+00   0.0000000e+00
   2.0000000e+00   0.0000000e+00
   2.5000000e+00   0.0000000e+00
   3.0000000e+00   0.0000000e+00
   3.5000000e+00   0.0000000e+00
   4.0000000e+00   0.0000000e+00
   4.5000000e+00   0.0000000e+00
   5.0000000e+00   3.8130912e-02
   5.5000000e+00   6.2574347e-02
   6.0000000e+00   6.4652582e-02
   6.5000000e+00   5.1118041e-02
   7.0000000e+00   3.0651521e-02
   7.5000000e+00   9.4688790e-03
   8.0000000e+00  -9.0314607e-03
   8.5000000e+00  -2.3460472e-02
   9.0000000e+00  -3.3616219e-02
   9.5000000e+00  -3.9917532e-02
   1.0000000e+01  -4.3060387e-02
   1.0500000e+01  -4.3815631e-02
   1.1000000e+01  -4.2911206e-02
   1.1500000e+01  -4.0968403e-02
   1.2000000e+01  -3.8475407e-02
   1.2500000e+01  -3.5786416e-02
   1.3000000e+01  -3.3136599e-02
   1.3500000e+01  -3.0664836e-02
   1.4000000e+01  -2.8438252e-02
   1.4500000e+01  -2.6474775e-02
   1.5000000e+01  -2.4761764e-02
   1.5500000e+01  -2.3270156e-02
   1.6000000e+01  -2.1964390e-02
   1.6500000e+01  -2.0808789e-02
   1.7000000e+01  -1.9771221e-02
   1.7500000e+01  -1.8824808e-02
   1.8000000e+01  -1.7948351e-02
   1.8500000e+01  -1.7125973e-02
   1.9000000e+01  -1.6346362e-02
   1.9500000e+01  -1.5601870e-02
   2.0000000e+01  -1.4887610e-02
   2.0500000e+01  -1.4200663e-02
   2.1000000e+01  -1.3539414e-02
   2.1500000e+01  -1.2903048e-02
   2.2000000e+01  -1.2291169e-02
   2.2500000e+01  -1.1703548e-02
   2.3000000e+01  -1.1139963e-02
   2.3500000e+01  -1.0600109e-02
   2.4000000e+01  -1.0083558e-02
   2.4500000e+01  -9.5897529e-03
   2.5000000e+01  -9.1180273e-03
   2.5500000e+01  -8.6676252e-03
   2.6000000e+01  -8.2377314e-03
   2.6500000e+01  -7.8274980e-03
   2.7000000e+01  -7.4360678e-03
   2.7500000e+01  -3.1685723e-02
   2.8000000e+01  -4.4528087e-02
   2.8500000e+01  -4.4648838e-02
   2.9000000e+01  -3.9896904e-02
   2.9500000e+01  -3.6322990e-02
   3.0000000e+01  -3.6094388e-02
   3.0500000e+01  -3.8753744e-02
   3.1000000e+01  -4.2858147e-02
   3.1500000e+01  -4.7018848e-02
   3.2000000e+01  -5.0314744e-02
   3.2500000e+01  -5.2324955e-02
   3.3000000e+01  -5.3003463e-02
   3.3500000e+01  -5.2526421e-02
   3.4000000e+01  -5.1167526e-02
   3.4500000e+01  -4.9214585e-02
   3.5000000e+01  -4.6922407e-02
   3.5500000e+01  -4.4492129e-02
   3.6000000e+01  -4.2067479e-02
   3.6500000e+01  -3.9740557e-02
   3.7000000e+01  -3.7561930e-02
   3.7500000e+01  -3.5551702e-02
   3.8000000e+01  -3.3709630e-02
   3.8500000e+01  -3.2023400e-02
   3.9000000e+01  -3.0474808e-02
   3.9500000e+01  -2.9044005e-02
   4.0000000e+01  -2.7712127e-02
   4.0500000e+01  -2.6462706e-02
   4.1000000e+01  -2.5282227e-02
   4.1500000e+01  -2.4160136e-02
   4.2000000e+01  -2.3088536e-02
   4.2500000e+01  -2.2061735e-02
   4.3000000e+01  -2.1075761e-02
   4.3500000e+01  -2.0127906e-02
   4.4000000e+01  -1.9216334e-02
   4.4500000e+01  -1.8339771e-02
   4.5000000e+01  -1.7497267e-02
   4.5500000e+01  -1.6688031e-02
   4.6000000e+01  -1.5911318e-02
   4.6500000e+01  -1.5166366e-02
   4.7000000e+01  -1.4452362e-02
   4.7500000e+01  -1.3768431e-02
   4.8000000e+01  -1.3113642e-02
   4.8500000e+01  -1.2487017e-02
   4.9000000e+01  -1.1887546e-02
   4.9500000e+01  -1.1314208e-02
   5.0000000e+01  -1.0838617e-01
   5.0500000e+01  -2.2997294e-01
   5.1000000e+01  -3.3936943e-01
   5.1500000e+01  -4.2278645e-01
   5.2000000e+01  -4.7902758e-01
   5.2500000e+01  -5.1262607e-01
   5.3000000e+01  -5.2978390e-01
   5.3500000e+01  -5.3628244e-01
   5.4000000e+01  -5.3664130e-01
   5.4500000e+01  -5.3398297e-01
   5.5000000e+01  -5.3023515e-01
   5.5500000e+01  -5.2644441e-01
   5.6000000e+01  -5.2308029e-01
   5.6500000e+01  -5.2027724e-01
   5.7000000e+01  -5.1800274e-01
   5.7500000e+01  -5.1616086e-01
   5.8000000e+01  -5.1464782e-01
   5.8500000e+01  -5.1337619e-01
   5.9000000e+01  -5.1228130e-01
   5.9500000e+01  -5.1131886e-01
   6.0000000e+01  -5.1045978e-01
   6.0500000e+01  -5.0968490e-01
   6.1000000e+01  -5.0898096e-01
   6.1500000e+01  -5.0833795e-01
   6.2000000e+01  -5.0774767e-01
   6.2500000e+01  -5.0720302e-01
   6.3000000e+01  -5.0669779e-01
   6.3500000e+01  -5.0622659e-01
   6.4000000e+01  -5.0578490e-01
   6.4500000e+01  -5.0536904e-01
   6.5000000e+01  -5.0497609e-01
   6.5500000e+01  -5.0460381e-01
   6.6000000e+01  -5.0425051e-01
   6.6500000e+01  -5.0391489e-01
   6.7000000e+01  -5.0359601e-01
   6.7500000e+01  -5.0329310e-01
   6.8000000e+01  -5.0300556e-01
   6.8500000e+01  -5.0273287e-01
   6.9000000e+01  -5.0247458e-01
   6.9500000e+01  -5.0223029e-01
   7.0000000e+01  -5.0199966e-01
   7.0500000e+01  -5.0178239e-01
   7.1000000e+01  -5.0157826e-01
   7.1500000e+01  -5.0138712e-01
   7.2000000e+01  -5.0120890e-01
   7.2500000e+01  -5.0104367e-01
   7.3000000e+01  -5.0089161e-01
   7.3500000e+01  -5.0075305e-01
   7.4000000e+01  -5.0062850e-01
   7.4500000e+01  -5.0051865e-01
   7.5000000e+01  -5.7668629e-01
   7.5500000e+01  -6.2549582e-01
   7.6000000e+01  -6.2959331e-01
   7.6500000e+01  -6.0248548e-01
   7.7000000e+01  -5.6153615e-01
   7.7500000e+01  -5.1917974e-01
   7.8000000e+01  -4.8221586e-01
   7.8500000e+01  -4.5342551e-01
   7.9000000e+01  -4.3321671e-01
   7.9500000e+01  -4.2075750e-01
   8.0000000e+01  -4.1466033e-01
   8.0500000e+01  -4.1333412e-01
   8.1000000e+01  -4.1527119e-01
   8.1500000e+01  -4.1919844e-01
   8.2000000e+01  -4.2413434e-01
   8.2500000e+01  -4.2938437e-01
   8.3000000e+01  -4.3450199e-01
   8.3500000e+01  -4.3923512e-01
   8.4000000e+01  -4.4347183e-01
   8.4500000e+01  -4.4719272e-01
   8.5000000e+01  -4.5043318e-01
   8.5500000e+01  -4.5325596e-01
   8.6000000e+01  -4.5573265e-01
   8.6500000e+01  -4.5793235e-01
   8.7000000e+01  -4.5991568e-01
   8.7500000e+01  -4.6173223e-01
   8.8000000e+01  -4.6342046e-01
   8.8500000e+01  -4.6500870e-01
   8.9000000e+01  -4.6651687e-01
   8.9500000e+01  -4.6795831e-01
   9.0000000e+01  -4.6934145e-01
   9.0500000e+01  -4.7067140e-01
   9.1000000e+01  -4.7195103e-01
   9.1500000e+01  -4.7318196e-01
   9.2000000e+01  -4.7436520e-01
   9.2500000e+01  -4.7550154e-01
   9.3000000e+01  -4.7659189e-01
   9.3500000e+01  -4.7763737e-01
   9.4000000e+01  -4.7863940e-01
   9.4500000e+01  -4.7959972e-01
   9.5000000e+01  -4.8052033e-01
   9.5500000e+01  -4.8140351e-01
   9.6000000e+01  -4.8225173e-01
   9.6500000e+01  -4.8306768e-01
   9.7000000e+01  -4.8385423e-01
   9.7500000e+01  -4.8461443e-01
   9.8000000e+01  -4.8535157e-01
   9.8500000e+01  -4.8606916e-01
   9.9000000e+01  -4.8677101e-01
   9.9500000e+01  -4.8746131e-01
   1.0000000e+02  -2.9290431e-01
   1.0050000e+02  -4.9363915e-02
   1.0100000e+02   1.6974617e-01
   1.0150000e+02   3.3684266e-01
   1.0200000e+02   4.4952662e-01
   1.0250000e+02   5.1686028e-01
   1.0300000e+02   5.5129890e-01
   1.0350000e+02   5.6445325e-01
   1.0400000e+02   5.6538939e-01
   1.0450000e+02   5.6035807e-01
   1.0500000e+02   5.5320547e-01
   1.0550000e+02   5.4600832e-01
   1.0600000e+02   5.3968773e-01
   1.0650000e+02   5.3449646e-01
   1.0700000e+02   5.3035684e-01
   1.0750000e+02   5.2706831e-01
   1.0800000e+02   5.2441825e-01
   1.0850000e+02   5.2222967e-01
   1.0900000e+02   5.2037312e-01
   1.0950000e+02   5.1876129e-01
   1.1000000e+02   5.1733792e-01
   1.1050000e+02   5.1606686e-01
   1.1100000e+02   5.1492370e-01
   1.1150000e+02   5.1389028e-01
   1.1200000e+02   5.1295172e-01
   1.1250000e+02   5.1209504e-01
   1.1300000e+02   5.1130868e-01
   1.1350000e+02   5.1058250e-01
   1.1400000e+02   5.0990786e-01
   1.1450000e+02   5.0927760e-01
   1.1500000e+02   5.0868597e-01
   1.1550000e+02   5.0812847e-01
   1.1600000e+02   5.0760159e-01
   1.1650000e+02   5.0710259e-01
   1.1700000e+02   5.0662928e-01
   1.1750000e+02   5.0617982e-01
   1.1800000e+02   5.0575259e-01
   1.1850000e+02   5.0534606e-01
   1.1900000e+02   5.0495871e-01
   1.1950000e+02   5.0458905e-01
   1.2000000e+02   5.0423549e-01
   1.2050000e+02   5.0389644e-01
   1.2100000e+02   5.0357025e-01
   1.2150000e+02   5.0325524e-01
   1.2200000e+02   5.0294976e-01
   1.2250000e+02   5.0265221e-01
   1.2300000e+02   5.0236119e-01
   1.2350000e+02   5.0207564e-01
   1.2400000e+02   5.0179335e-01
   1.2450000e+02   5.0150985e-01
   1.2500000e+02   5.5046630e-01
   1.2550000e+02   5.7659358e-01
   1.2600000e+02   5.7728428e-01
   1.2650000e+02   5.6824341e-01
   1.2700000e+02   5.6156887e-01
   1.2750000e+02   5.6158643e-01
   1.2800000e+02   5.6737145e-01
   1.2850000e+02   5.7602953e-01
   1.2900000e+02   5.8477692e-01
   1.2950000e+02   5.9176773e-01
   1.3000000e+02   5.9615879e-01
   1.3050000e+02   5.9785837e-01
   1.3100000e+02   5.9722031e-01
   1.3150000e+02   5.9479422e-01
   1.3200000e+02   5.9115824e-01
   1.3250000e+02   5.8682451e-01
   1.3300000e+02   5.8219764e-01
   1.3350000e+02   5.7756714e-01
   1.3400000e+02   5.7311893e-01
   1.3450000e+02   5.6895559e-01
   1.3500000e+02   5.6511847e-01
   1.3550000e+02   5.6160804e-01
   1.3600000e+02   5.5840043e-01
   1.3650000e+02   5.5545991e-01
   1.3700000e+02   5.5274736e-01
   1.3750000e+02   5.5022561e-01
   1.3800000e+02   5.4786228e-01
   1.3850000e+02   5.4563091e-01
   1.3900000e+02   5.4351102e-01
   1.3950000e+02   5.4148749e-01
   1.4000000e+02   5.3954967e-01
   1.4050000e+02   5.3769045e-01
   1.4100000e+02   5.3590536e-01
   1.4150000e+02   5.3419178e-01
   1.4200000e+02   5.3254836e-01
   1.4250000e+02   5.3097459e-01
   1.4300000e+02   5.2947046e-01
   1.4350000e+02   5.2803629e-01
   1.4400000e+02   5.2667268e-01
   1.4450000e+02   5.2538044e-01
   1.4500000e+02   5.2416069e-01
   1.4550000e+02   5.2301489e-01
   1.4600000e+02   5.2194498e-01
   1.4650000e+02   5.2095349e-01
   1.4700000e+02   5.2004367e-01
   1.4750000e+02   5.1921961e-01
   1.4800000e+02   5.1848636e-01
   1.4850000e+02   5.1785002e-01
   1.4900000e+02   5.1731935e-01
   1.4950000e+02   5.1690602e-01
   1.5000000e+02   5.1661875e-01
