   0.0000000e+00   0.0000000e+00
   5.0000000e-01   0.0000000e+00
   1.0000000e+00   0.0000000e+00
   1.5000000e+00   0.0000000e+00
   2.0000000e+00   0.0000000e+00
   2.5000000e+00   0.0000000e+00
   3.0000000e+00   0.0000000e+00
   3.5000000e+00   0.0000000e+00
   4.0000000e+00   0.0000000e+00
   4.5000000e+00   3.8725880e-01
   5.0000000e+00   4.3017436e-01
   5.5000000e+00   3.7838814e-01
   6.0000000e+00   3.3013299e-01
   6.5000000e+00   3.0455658e-01
   7.0000000e+00   2.9426767e-01
   7.5000000e+00   2.8955367e-01
   8.0000000e+00   2.8502710e-01
   8.5000000e+00   2.7913715e-01
   9.0000000e+00   2.7221804e-01
   9.5000000e+00   2.6507737e-01
   1.0000000e+01   2.5836294e-01
   1.0500000e+01   2.5241881e-01
   1.1000000e+01   2.4734309e-01
   1.1500000e+01   2.4308628e-01
   1.2000000e+01   2.3952971e-01
   1.2500000e+01   2.3653421e-01
   1.3000000e+01   2.3396631e-01
   1.3500000e+01   2.3171036e-01
   1.4000000e+01   2.2967312e-01
   1.4500000e+01   2.2778379e-01
   1.5000000e+01   2.2599202e-01
   1.5500000e+01   2.2426453e-01
   1.6000000e+01   2.2258152e-01
   1.6500000e+01   2.2093308e-01
   1.7000000e+01   2.1931610e-01
   1.7500000e+01   2.1773167e-01
   1.8000000e+01   2.1618316e-01
   1.8500000e+01   2.1467474e-01
   1.9000000e+01   2.1321054e-01
   1.9500000e+01   2.1179402e-01
   2.0000000e+01   2.1042774e-01
   2.0500000e+01   2.0911330e-01
   2.1000000e+01   2.0785135e-01
   2.1500000e+01   2.0664175e-01
   2.2000000e+01   2.0548374e-01
   2.2500000e+01   2.0437603e-01
   2.3000000e+01   2.0331704e-01
   2.3500000e+01   2.0230495e-01
   2.4000000e+01   2.0133786e-01
   2.4500000e+01   2.0041381e-01
   2.5000000e+01   1.9953089e-01
   2.5500000e+01   1.9868722e-01
   2.6000000e+01   1.9788104e-01
   2.6500000e+01   1.9711064e-01
   2.7000000e+01  -2.2291016e-01
   2.7500000e+01  -2.4388241e-01
   2.8000000e+01  -1.5537692e-01
   2.8500000e+01  -7.6188037e-02
   2.9000000e+01  -3.1973465e-02
   2.9500000e+01  -1.4910599e-02
   3.0000000e+01  -1.2505016e-02
   3.0500000e+01  -1.6367532e-02
   3.1000000e+01  -2.2442694e-02
   3.1500000e+01  -2.9177081e-02
   3.2000000e+01  -3.6044408e-02
   3.2500000e+01  -4.2816167e-02
   3.3000000e+01  -4.9324597e-02
   3.3500000e+01  -5.5433484e-02
   3.4000000e+01  -6.1056127e-02
   3.4500000e+01  -6.6163031e-02
   3.5000000e+01  -7.0772902e-02
   3.5500000e+01  -7.4935656e-02
   3.6000000e+01  -7.8715613e-02
   3.6500000e+01  -8.2178874e-02
   3.7000000e+01  -8.5385573e-02
   3.7500000e+01  -8.8386137e-02
   3.8000000e+01  -9.1220301e-02
   3.8500000e+01  -9.3917761e-02
   3.9000000e+01  -9.6499637e-02
   3.9500000e+01  -9.8980235e-02
   4.0000000e+01  -1.0136878e-01
   4.0500000e+01  -1.0367091e-01
   4.1000000e+01  -1.0588998e-01
   4.1500000e+01  -1.0802796e-01
   4.2000000e+01  -1.1008616e-01
   4.2500000e+01  -1.1206566e-01
   4.3000000e+01  -1.1396765e-01
   4.3500000e+01  -1.1579349e-01
   4.4000000e+01  -1.1754486e-01
   4.4500000e+01  -1.1922367e-01
   4.5000000e+01  -1.2083210e-01
   4.5500000e+01  -1.2237246e-01
   4.6000000e+01  -1.2384719e-01
   4.6500000e+01  -1.2525877e-01
   4.7000000e+01  -1.2660972e-01
   4.7500000e+01  -1.2790249e-01
   4.8000000e+01  -1.2913948e-01
   4.8500000e+01  -1.3032303e-01
   4.9000000e+01  -1.3145537e-01
   4.9500000e+01  -6.1646430e-02
   5.0000000e+01  -1.2445032e-03
   5.0500000e+01   3.8148712e-02
   5.1000000e+01   5.7638801e-02
   5.1500000e+01   6.3383656e-02
   5.2000000e+01   6.1630455e-02
   5.2500000e+01   5.6811439e-02
   5.3000000e+01   5.1430358e-02
   5.3500000e+01   4.6605573e-02
   5.4000000e+01   4.2659248e-02
   5.4500000e+01   3.9541023e-02
   5.5000000e+01   3.7072683e-02
   5.5500000e+01   3.5066539e-02
   5.6000000e+01   3.3370369e-02
   5.6500000e+01   3.1876034e-02
   5.7000000e+01   3.0513245e-02
   5.7500000e+01   2.9239340e-02
   5.8000000e+01   2.8029783e-02
   5.8500000e+01   2.6870963e-02
   5.9000000e+01   2.5755410e-02
   5.9500000e+01   2.4678922e-02
   6.0000000e+01   2.3639036e-02
   6.0500000e+01   2.2634280e-02
   6.1000000e+01   2.1663839e-02
   6.1500000e+01   2.0727383e-02
   6.2000000e+01   1.9824944e-02
   6.2500000e+01   1.8956793e-02
   6.3000000e+01   1.8123303e-02
   6.3500000e+01   1.7324833e-02
   6.4000000e+01   1.6561622e-02
   6.4500000e+01   1.5833719e-02
   6.5000000e+01   1.5140950e-02
   6.5500000e+01   1.4482911e-02
   6.6000000e+01   1.3858986e-02
   6.6500000e+01   1.3268383e-02
   6.7000000e+01   1.2710177e-02
   6.7500000e+01   1.2183353e-02
   6.8000000e+01   1.1686852e-02
   6.8500000e+01   1.1219600e-02
   6.9000000e+01   1.0780546e-02
   6.9500000e+01   1.0368677e-02
   7.0000000e+01   9.9830375e-03
   7.0500000e+01   9.6227396e-03
   7.1000000e+01   9.2869669e-03
   7.1500000e+01   8.9749786e-03
   7.2000000e+01   8.6861091e-03
   7.2500000e+01   8.4197665e-03
   7.3000000e+01   8.1754296e-03
   7.3500000e+01   7.9526430e-03
   7.4000000e+01   7.7510102e-03
   7.4500000e+01  -7.6694742e-01
   7.5000000e+01  -8.5293887e-01
   7.5500000e+01  -7.4950659e-01
   7.6000000e+01  -6.5311661e-01
   7.6500000e+01  -6.0206474e-01
   7.7000000e+01  -5.8156906e-01
   7.7500000e+01  -5.7220591e-01
   7.8000000e+01  -5.6320246e-01
   7.8500000e+01  -5.5146298e-01
   7.9000000e+01  -5.3766784e-01
   7.9500000e+01  -5.2344760e-01
   8.0000000e+01  -5.1011408e-01
   8.0500000e+01  -4.9835844e-01
   8.1000000e+01  -4.8837369e-01
   8.1500000e+01  -4.8005236e-01
   8.2000000e+01  -4.7314518e-01
   8.2500000e+01  -4.6736143e-01
   8.3000000e+01  -4.6242381e-01
   8.3500000e+01  -4.5809414e-01
   8.4000000e+01  -4.5418242e-01
   8.4500000e+01  -4.5054649e-01
   8.5000000e+01  -4.4708682e-01
   8.5500000e+01  -4.4373913e-01
   8.6000000e+01  -4.4046639e-01
   8.6500000e+01  -4.3725129e-01
   8.7000000e+01  -4.3408974e-01
   8.7500000e+01  -4.3098566e-01
   8.8000000e+01  -4.2794702e-01
   8.8500000e+01  -4.2498309e-01
   8.9000000e+01  -4.2210262e-01
   8.9500000e+01  -4.1931282e-01
   9.0000000e+01  -4.1661893e-01
   9.0500000e+01  -4.1402405e-01
   9.1000000e+01  -4.1152940e-01
   9.1500000e+01  -4.0913453e-01
   9.2000000e+01  -4.0683767e-01
   9.2500000e+01  -4.0463610e-01
   9.3000000e+01  -4.0252642e-01
   9.3500000e+01  -4.0050483e-01
   9.4000000e+01  -3.9856730e-01
   9.4500000e+01  -3.9670973e-01
   9.5000000e+01  -3.9492809e-01
   9.5500000e+01  -3.9321842e-01
   9.6000000e+01  -3.9157691e-01
   9.6500000e+01  -3.8999993e-01
   9.7000000e+01  -3.8848396e-01
   9.7500000e+01  -3.8702568e-01
   9.8000000e+01  -3.8562190e-01
   9.8500000e+01  -3.8426955e-01
   9.9000000e+01  -3.8296576e-01
   9.9500000e+01  -5.2349226e-01
   1.0000000e+02  -6.4515555e-01
   1.0050000e+02  -7.2475542e-01
   1.0100000e+02  -7.6450806e-01
   1.0150000e+02  -7.7673733e-01
   1.0200000e+02  -7.7394707e-01
   1.0250000e+02  -7.6502845e-01
   1.0300000e+02  -7.5500562e-01
   1.0350000e+02  -7.4611410e-01
   1.0400000e+02  -7.3898596e-01
   1.0450000e+02  -7.3350552e-01
   1.0500000e+02  -7.2930479e-01
   1.0550000e+02  -7.2600155e-01
   1.0600000e+02  -7.2328835e-01
   1.0650000e+02  -7.2094837e-01
   1.0700000e+02  -7.1884190e-01
   1.0750000e+02  -7.1688510e-01
   1.0800000e+02  -7.1503054e-01
   1.0850000e+02  -7.1325263e-01
   1.0900000e+02  -7.1153779e-01
   1.0950000e+02  -7.0987878e-01
   1.1000000e+02  -7.0827153e-01
   1.1050000e+02  -7.0671371e-01
   1.1100000e+02  -7.0520410e-01
   1.1150000e+02  -7.0374230e-01
   1.1200000e+02  -7.0232851e-01
   1.1250000e+02  -7.0096330e-01
   1.1300000e+02  -6.9964743e-01
   1.1350000e+02  -6.9838157e-01
   1.1400000e+02  -6.9716614e-01
   1.1450000e+02  -6.9600118e-01
   1.1500000e+02  -6.9488626e-01
   1.1550000e+02  -6.9382049e-01
   1.1600000e+02  -6.9280257e-01
   1.1650000e+02  -6.9183081e-01
   1.1700000e+02  -6.9090327e-01
   1.1750000e+02  -6.9001780e-01
   1.1800000e+02  -6.8917214e-01
   1.1850000e+02  -6.8836403e-01
   1.1900000e+02  -6.8759123e-01
   1.1950000e+02  -6.8685159e-01
   1.2000000e+02  -6.8614317e-01
   1.2050000e+02  -6.8546424e-01
   1.2100000e+02  -6.8481342e-01
   1.2150000e+02  -6.8418982e-01
   1.2200000e+02  -6.8359327e-01
   1.2250000e+02  -6.8302458e-01
   1.2300000e+02  -6.8248612e-01
   1.2350000e+02  -6.8198958e-01
   1.2400000e+02  -6.8155714e-01
   1.2450000e+02   1.5736381e-01
   1.2500000e+02   1.9828128e-01
   1.2550000e+02   2.0318011e-02
   1.2600000e+02  -1.3897327e-01
   1.2650000e+02  -2.2829547e-01
   1.2700000e+02  -2.6329461e-01
   1.2750000e+02  -2.6895213e-01
   1.2800000e+02  -2.6203825e-01
   1.2850000e+02  -2.5065846e-01
   1.2900000e+02  -2.3791760e-01
   1.2950000e+02  -2.2486895e-01
   1.3000000e+02  -2.1197195e-01
   1.3050000e+02  -1.9956539e-01
   1.3100000e+02  -1.8792520e-01
   1.3150000e+02  -1.7722814e-01
   1.3200000e+02  -1.6753623e-01
   1.3250000e+02  -1.5881474e-01
   1.3300000e+02  -1.5096612e-01
   1.3350000e+02  -1.4386369e-01
   1.3400000e+02  -1.3737692e-01
   1.3450000e+02  -1.3138702e-01
   1.3500000e+02  -1.2579443e-01
   1.3550000e+02  -1.2052086e-01
   1.3600000e+02  -1.1550803e-01
   1.3650000e+02  -1.1071476e-01
   1.3700000e+02  -1.0611343e-01
   1.3750000e+02  -1.0168660e-01
   1.3800000e+02  -9.7423949e-02
   1.3850000e+02  -9.3319763e-02
   1.3900000e+02  -8.9371061e-02
   1.3950000e+02  -8.5576203e-02
   1.4000000e+02  -8.1933975e-02
   1.4050000e+02  -7.8443026e-02
   1.4100000e+02  -7.5101573e-02
   1.4150000e+02  -7.1907303e-02
   1.4200000e+02  -6.8857382e-02
   1.4250000e+02  -6.5948541e-02
   1.4300000e+02  -6.3177193e-02
   1.4350000e+02  -6.0539550e-02
   1.4400000e+02  -5.8031733e-02
   1.4450000e+02  -5.5649852e-02
   1.4500000e+02  -5.3390055e-02
   1.4550000e+02  -5.1248543e-02
   1.4600000e+02  -4.9221527e-02
   1.4650000e+02  -4.7305134e-02
   1.4700000e+02  -4.5495226e-02
   1.4750000e+02  -4.3787109e-02
   1.4800000e+02  -4.2175069e-02
   1.4850000e+02  -4.0646212e-02
   1.4900000e+02  -3.9175248e-02
   1.4950000e+02  -3.7729935e-02
   1.5000000e+02  -3.6272853e-02
