   0.0000000e+00   0.0000000e+00
   5.0000000e-01   0.0000000e+00
   1.0000000e+00   0.0000000e+00
   1.5000000e+00   0.0000000e+00
   2.0000000e+00   0.0000000e+00
   2.5000000e+00   0.0000000e+00
   3.0000000e+00   0.0000000e+00
   3.5000000e+00   0.0000000e+00
   4.0000000e+00   0.0000000e+00
   4.5000000e+00  -6.4959210e-02
   5.0000000e+00  -1.5201246e-01
   5.5000000e+00  -2.2719891e-01
   6.0000000e+00  -2.7795187e-01
   6.5000000e+00  -3.0404947e-01
   7.0000000e+00  -3.1046597e-01
   7.5000000e+00  -3.0335033e-01
   8.0000000e+00  -2.8823430e-01
   8.5000000e+00  -2.6943704e-01
   9.0000000e+00  -2.5000889e-01
   9.5000000e+00  -2.3188825e-01
   1.0000000e+01  -2.1612886e-01
   1.0500000e+01  -2.0313585e-01
   1.1000000e+01  -1.9288028e-01
   1.1500000e+01  -1.8507669e-01
   1.2000000e+01  -1.7931797e-01
   1.2500000e+01  -1.7516857e-01
   1.3000000e+01  -1.7222222e-01
   1.3500000e+01  -1.7013198e-01
   1.4000000e+01  -1.6862100e-01
   1.4500000e+01  -1.6748092e-01
   1.5000000e+01  -1.6656356e-01
   1.5500000e+01  -1.6576975e-01
   1.6000000e+01  -1.6503779e-01
   1.6500000e+01  -1.6433300e-01
   1.7000000e+01  -1.6363898e-01
   1.7500000e+01  -1.6295080e-01
   1.8000000e+01  -1.6227002e-01
   1.8500000e+01  -1.6160118e-01
   1.9000000e+01  -1.6094957e-01
   1.9500000e+01  -1.6031997e-01
   2.0000000e+01  -1.5971594e-01
   2.0500000e+01  -1.5913969e-01
   2.1000000e+01  -1.5859209e-01
   2.1500000e+01  -1.5807290e-01
   2.2000000e+01  -1.5758107e-01
   2.2500000e+01  -1.5711499e-01
   2.3000000e+01  -1.5667270e-01
   2.3500000e+01  -1.5625216e-01
   2.4000000e+01  -1.5585133e-01
   2.4500000e+01  -1.5546829e-01
   2.5000000e+01  -1.5510132e-01
   2.5500000e+01  -1.5474889e-01
   2.6000000e+01  -1.5440970e-01
   2.6500000e+01  -1.5408264e-01
   2.7000000e+01  -1.8223886e-01
   2.7500000e+01  -2.0291197e-01
   2.8000000e+01  -2.2848264e-01
   2.8500000e+01  -2.5793735e-01
   2.9000000e+01  -2.8587440e-01
   2.9500000e+01  -3.0785085e-01
   3.0000000e+01  -3.2201539e-01
   3.0500000e+01  -3.2872996e-01
   3.1000000e+01  -3.2958990e-01
   3.1500000e+01  -3.2655865e-01
   3.2000000e+01  -3.2142884e-01
   3.2500000e+01  -3.1558012e-01
   3.3000000e+01  -3.0993352e-01
   3.3500000e+01  -3.0500919e-01
   3.4000000e+01  -3.0102357e-01
   3.4500000e+01  -2.9798909e-01
   3.5000000e+01  -2.9579899e-01
   3.5500000e+01  -2.9429120e-01
   3.6000000e+01  -2.9329160e-01
   3.6500000e+01  -2.9264015e-01
   3.7000000e+01  -2.9220384e-01
   3.7500000e+01  -2.9188085e-01
   3.8000000e+01  -2.9159910e-01
   3.8500000e+01  -2.9131200e-01
   3.9000000e+01  -2.9099305e-01
   3.9500000e+01  -2.9063042e-01
   4.0000000e+01  -2.9022230e-01
   4.0500000e+01  -2.8977300e-01
   4.1000000e+01  -2.8929006e-01
   4.1500000e+01  -2.8878225e-01
   4.2000000e+01  -2.8825822e-01
   4.2500000e+01  -2.8772568e-01
   4.3000000e+01  -2.8719111e-01
   4.3500000e+01  -2.8665958e-01
   4.4000000e+01  -2.8613487e-01
   4.4500000e+01  -2.8561961e-01
   4.5000000e+01  -2.8511548e-01
   4.5500000e+01  -2.8462346e-01
   4.6000000e+01  -2.8414397e-01
   4.6500000e+01  -2.8367708e-01
   4.7000000e+01  -2.8322261e-01
   4.7500000e+01  -2.8278026e-01
   4.8000000e+01  -2.8234965e-01
   4.8500000e+01  -2.8193039e-01
   4.9000000e+01  -2.8152210e-01
   4.9500000e+01  -6.0636229e-01
   5.0000000e+01  -7.4229919e-01
   5.0500000e+01  -7.6464792e-01
   5.1000000e+01  -7.2882303e-01
   5.1500000e+01  -6.7076116e-01
   5.2000000e+01  -6.1092614e-01
   5.2500000e+01  -5.5904248e-01
   5.3000000e+01  -5.1822689e-01
   5.3500000e+01  -4.8806592e-01
   5.4000000e+01  -4.6664377e-01
   5.4500000e+01  -4.5172068e-01
   5.5000000e+01  -4.4131088e-01
   5.5500000e+01  -4.3388879e-01
   5.6000000e+01  -4.2839150e-01
   5.6500000e+01  -4.2413234e-01
   5.7000000e+01  -4.2069329e-01
   5.7500000e+01  -4.1782964e-01
   5.8000000e+01  -4.1539873e-01
   5.8500000e+01  -4.1331308e-01
   5.9000000e+01  -4.1151282e-01
   5.9500000e+01  -4.0995153e-01
   6.0000000e+01  -4.0859002e-01
   6.0500000e+01  -4.0739430e-01
   6.1000000e+01  -4.0633520e-01
   6.1500000e+01  -4.0538842e-01
   6.2000000e+01  -4.0453437e-01
   6.2500000e+01  -4.0375771e-01
   6.3000000e+01  -4.0304670e-01
   6.3500000e+01  -4.0239235e-01
   6.4000000e+01  -4.0178777e-01
   6.4500000e+01  -4.0122742e-01
   6.5000000e+01  -4.0070672e-01
   6.5500000e+01  -4.0022164e-01
   6.6000000e+01  -3.9976847e-01
   6.6500000e+01  -3.9934378e-01
   6.7000000e+01  -3.9894425e-01
   6.7500000e+01  -3.9856674e-01
   6.8000000e+01  -3.9820828e-01
   6.8500000e+01  -3.9786606e-01
   6.9000000e+01  -3.9753746e-01
   6.9500000e+01  -3.9722009e-01
   7.0000000e+01  -3.9691174e-01
   7.0500000e+01  -3.9661043e-01
   7.1000000e+01  -3.9631440e-01
   7.1500000e+01  -3.9602211e-01
   7.2000000e+01  -3.9573226e-01
   7.2500000e+01  -3.9544382e-01
   7.3000000e+01  -3.9515603e-01
   7.3500000e+01  -3.9486847e-01
   7.4000000e+01  -3.9458111e-01
   7.4500000e+01  -2.6437598e-01
   7.5000000e+01  -8.9984481e-02
   7.5500000e+01   6.0669873e-02
   7.6000000e+01   1.6245090e-01
   7.6500000e+01   2.1491080e-01
   7.7000000e+01   2.2799237e-01
   7.7500000e+01   2.1398700e-01
   7.8000000e+01   1.8394869e-01
   7.8500000e+01   1.4650217e-01
   7.9000000e+01   1.0773504e-01
   7.9500000e+01   7.1522830e-02
   8.0000000e+01   4.0145040e-02
   8.0500000e+01   1.4447621e-02
   8.1000000e+01  -5.6667388e-03
   8.1500000e+01  -2.0833534e-02
   8.2000000e+01  -3.1925905e-02
   8.2500000e+01  -3.9854544e-02
   8.3000000e+01  -4.5450576e-02
   8.3500000e+01  -4.9409601e-02
   8.4000000e+01  -5.2276355e-02
   8.4500000e+01  -5.4453422e-02
   8.5000000e+01  -5.6221997e-02
   8.5500000e+01  -5.7766763e-02
   8.6000000e+01  -5.9200169e-02
   8.6500000e+01  -6.0583638e-02
   8.7000000e+01  -6.1944752e-02
   8.7500000e+01  -6.3290346e-02
   8.8000000e+01  -6.4615938e-02
   8.8500000e+01  -6.5912113e-02
   8.9000000e+01  -6.7168540e-02
   8.9500000e+01  -6.8376249e-02
   9.0000000e+01  -6.9528681e-02
   9.0500000e+01  -7.0621956e-02
   9.1000000e+01  -7.1654662e-02
   9.1500000e+01  -7.2627411e-02
   9.2000000e+01  -7.3542306e-02
   9.2500000e+01  -7.4402433e-02
   9.3000000e+01  -7.5211418e-02
   9.3500000e+01  -7.5973088e-02
   9.4000000e+01  -7.6691233e-02
   9.4500000e+01  -7.7369468e-02
   9.5000000e+01  -7.8011166e-02
   9.5500000e+01  -7.8619480e-02
   9.6000000e+01  -7.9197398e-02
   9.6500000e+01  -7.9747857e-02
   9.7000000e+01  -8.0273885e-02
   9.7500000e+01  -8.0778777e-02
   9.8000000e+01  -8.1266298e-02
   9.8500000e+01  -8.1740940e-02
   9.9000000e+01  -8.2208204e-02
   9.9500000e+01   5.6780074e-01
   1.0000000e+02   8.3997276e-01
   1.0050000e+02   8.8492539e-01
   1.0100000e+02   8.1347225e-01
   1.0150000e+02   6.9747330e-01
   1.0200000e+02   5.7785607e-01
   1.0250000e+02   4.7424968e-01
   1.0300000e+02   3.9290831e-01
   1.0350000e+02   3.3296318e-01
   1.0400000e+02   2.9052773e-01
   1.0450000e+02   2.6107604e-01
   1.0500000e+02   2.4060771e-01
   1.0550000e+02   2.2605722e-01
   1.0600000e+02   2.1529470e-01
   1.0650000e+02   2.0694929e-01
   1.0700000e+02   2.0019097e-01
   1.0750000e+02   1.9453765e-01
   1.0800000e+02   1.8971136e-01
   1.0850000e+02   1.8554373e-01
   1.0900000e+02   1.8192059e-01
   1.0950000e+02   1.7875360e-01
   1.1000000e+02   1.7596800e-01
   1.1050000e+02   1.7349872e-01
   1.1100000e+02   1.7128984e-01
   1.1150000e+02   1.6929488e-01
   1.1200000e+02   1.6747662e-01
   1.1250000e+02   1.6580630e-01
   1.1300000e+02   1.6426229e-01
   1.1350000e+02   1.6282863e-01
   1.1400000e+02   1.6149352e-01
   1.1450000e+02   1.6024803e-01
   1.1500000e+02   1.5908516e-01
   1.1550000e+02   1.5799912e-01
   1.1600000e+02   1.5698485e-01
   1.1650000e+02   1.5603779e-01
   1.1700000e+02   1.5515372e-01
   1.1750000e+02   1.5432873e-01
   1.1800000e+02   1.5355917e-01
   1.1850000e+02   1.5284167e-01
   1.1900000e+02   1.5217307e-01
   1.1950000e+02   1.5155038e-01
   1.2000000e+02   1.5097068e-01
   1.2050000e+02   1.5043096e-01
   1.2100000e+02   1.4992787e-01
   1.2150000e+02   1.4945747e-01
   1.2200000e+02   1.4901470e-01
   1.2250000e+02   1.4859279e-01
   1.2300000e+02   1.4818232e-01
   1.2350000e+02   1.4777162e-01
   1.2400000e+02   1.4734979e-01
   1.2450000e+02   2.0385671e-01
   1.2500000e+02   2.4543577e-01
   1.2550000e+02   2.9685424e-01
   1.2600000e+02   3.5606592e-01
   1.2650000e+02   4.1224572e-01
   1.2700000e+02   4.5649237e-01
   1.2750000e+02   4.8509591e-01
   1.2800000e+02   4.9877935e-01
   1.2850000e+02   5.0073690e-01
   1.2900000e+02   4.9490115e-01
   1.2950000e+02   4.8486355e-01
   1.3000000e+02   4.7338898e-01
   1.3050000e+02   4.6232387e-01
   1.3100000e+02   4.5271149e-01
   1.3150000e+02   4.4498623e-01
   1.3200000e+02   4.3917331e-01
   1.3250000e+02   4.3505862e-01
   1.3300000e+02   4.3231669e-01
   1.3350000e+02   4.3059759e-01
   1.3400000e+02   4.2957920e-01
   1.3450000e+02   4.2899342e-01
   1.3500000e+02   4.2863446e-01
   1.3550000e+02   4.2835611e-01
   1.3600000e+02   4.2806318e-01
   1.3650000e+02   4.2770072e-01
   1.3700000e+02   4.2724331e-01
   1.3750000e+02   4.2668553e-01
   1.3800000e+02   4.2603435e-01
   1.3850000e+02   4.2530326e-01
   1.3900000e+02   4.2450826e-01
   1.3950000e+02   4.2366515e-01
   1.4000000e+02   4.2278800e-01
   1.4050000e+02   4.2188843e-01
   1.4100000e+02   4.2097543e-01
   1.4150000e+02   4.2005552e-01
   1.4200000e+02   4.1913316e-01
   1.4250000e+02   4.1821122e-01
   1.4300000e+02   4.1729152e-01
   1.4350000e+02   4.1637527e-01
   1.4400000e+02   4.1546365e-01
   1.4450000e+02   4.1455819e-01
   1.4500000e+02   4.1366125e-01
   1.4550000e+02   4.1277655e-01
   1.4600000e+02   4.1190964e-01
   1.4650000e+02   4.1106858e-01
   1.4700000e+02   4.1026475e-01
   1.4750000e+02   4.0951390e-01
   1.4800000e+02   4.0883761e-01
   1.4850000e+02   4.0826397e-01
   1.4900000e+02   4.0781870e-01
   1.4950000e+02   4.0750248e-01
   1.5000000e+02   4.0697187e-01
