   0.0000000e+00   0.0000000e+00
   5.0000000e-01   0.0000000e+00
   1.0000000e+00   0.0000000e+00
   1.5000000e+00   0.0000000e+00
   2.0000000e+00   0.0000000e+00
   2.5000000e+00   0.0000000e+00
   3.0000000e+00   0.0000000e+00
   3.5000000e+00   0.0000000e+00
   4.0000000e+00   0.0000000e+00
   4.5000000e+00  -5.0982346e-01
   5.0000000e+00  -8.2899301e-01
   5.5000000e+00  -9.8145280e-01
   6.0000000e+00  -1.0114131e+00
   6.5000000e+00  -9.6487932e-01
   7.0000000e+00  -8.7942024e-01
   7.5000000e+00  -7.8138902e-01
   8.0000000e+00  -6.8709586e-01
   8.5000000e+00  -6.0526421e-01
   9.0000000e+00  -5.3943873e-01
   9.5000000e+00  -4.8990295e-01
   1.0000000e+01  -4.5507317e-01
   1.0500000e+01  -4.3246216e-01
   1.1000000e+01  -4.1931667e-01
   1.1500000e+01  -4.1301335e-01
   1.2000000e+01  -4.1127824e-01
   1.2500000e+01  -4.1228105e-01
   1.3000000e+01  -4.1464584e-01
   1.3500000e+01  -4.1741049e-01
   1.4000000e+01  -4.1995984e-01
   1.4500000e+01  -4.2194999e-01
   1.5000000e+01  -4.2323513e-01
   1.5500000e+01  -4.2380341e-01
   1.6000000e+01  -4.2372481e-01
   1.6500000e+01  -4.2311156e-01
   1.7000000e+01  -4.2208998e-01
   1.7500000e+01  -4.2078219e-01
   1.8000000e+01  -4.1929546e-01
   1.8500000e+01  -4.1771727e-01
   1.9000000e+01  -4.1611432e-01
   1.9500000e+01  -4.1453397e-01
   2.0000000e+01  -4.1300706e-01
   2.0500000e+01  -4.1155123e-01
   2.1000000e+01  -4.1017423e-01
   2.1500000e+01  -4.0887689e-01
   2.2000000e+01  -4.0765565e-01
   2.2500000e+01  -4.0650448e-01
   2.3000000e+01  -4.0541628e-01
   2.3500000e+01  -4.0438390e-01
   2.4000000e+01  -4.0340071e-01
   2.4500000e+01  -4.0246089e-01
   2.5000000e+01  -4.0155963e-01
   2.5500000e+01  -4.0069302e-01
   2.6000000e+01  -3.9985801e-01
   2.6500000e+01  -3.9905226e-01
   2.7000000e+01  -9.3194487e-01
   2.7500000e+01  -1.2160847e+00
   2.8000000e+01  -1.3508460e+00
   2.8500000e+01  -1.3945516e+00
   2.9000000e+01  -1.3817787e+00
   2.9500000e+01  -1.3352446e+00
   3.0000000e+01  -1.2713114e+00
   3.0500000e+01  -1.2019136e+00
   3.1000000e+01  -1.1352302e+00
   3.1500000e+01  -1.0762039e+00
   3.2000000e+01  -1.0271873e+00
   3.2500000e+01  -9.8865834e-01
   3.3000000e+01  -9.5988923e-01
   3.3500000e+01  -9.3949252e-01
   3.4000000e+01  -9.2582245e-01
   3.4500000e+01  -9.1724196e-01
   3.5000000e+01  -9.1228086e-01
   3.5500000e+01  -9.0971334e-01
   3.6000000e+01  -9.0857997e-01
   3.6500000e+01  -9.0817466e-01
   3.7000000e+01  -9.0801193e-01
   3.7500000e+01  -9.0778575e-01
   3.8000000e+01  -9.0732723e-01
   3.8500000e+01  -9.0656585e-01
   3.9000000e+01  -9.0549660e-01
   3.9500000e+01  -9.0415381e-01
   4.0000000e+01  -9.0259176e-01
   4.0500000e+01  -9.0087097e-01
   4.1000000e+01  -8.9904953e-01
   4.1500000e+01  -8.9717810e-01
   4.2000000e+01  -8.9529767e-01
   4.2500000e+01  -8.9343924e-01
   4.3000000e+01  -8.9162452e-01
   4.3500000e+01  -8.8986740e-01
   4.4000000e+01  -8.8817551e-01
   4.4500000e+01  -8.8655184e-01
   4.5000000e+01  -8.8499613e-01
   4.5500000e+01  -8.8350605e-01
   4.6000000e+01  -8.8207814e-01
   4.6500000e+01  -8.8070843e-01
   4.7000000e+01  -8.7939290e-01
   4.7500000e+01  -8.7812780e-01
   4.8000000e+01  -8.7690973e-01
   4.8500000e+01  -8.7573574e-01
   4.9000000e+01  -8.7460331e-01
   4.9500000e+01  -1.1004381e+00
   5.0000000e+01  -1.2191370e+00
   5.0500000e+01  -1.2664100e+00
   5.1000000e+01  -1.2689074e+00
   5.1500000e+01  -1.2457427e+00
   5.2000000e+01  -1.2101554e+00
   5.2500000e+01  -1.1708949e+00
   5.3000000e+01  -1.1333369e+00
   5.3500000e+01  -1.1003981e+00
   5.4000000e+01  -1.0732886e+00
   5.4500000e+01  -1.0521126e+00
   5.5000000e+01  -1.0363240e+00
   5.5500000e+01  -1.0250594e+00
   5.6000000e+01  -1.0173620e+00
   5.6500000e+01  -1.0123204e+00
   5.7000000e+01  -1.0091425e+00
   5.7500000e+01  -1.0071868e+00
   5.8000000e+01  -1.0059641e+00
   5.8500000e+01  -1.0051236e+00
   5.9000000e+01  -1.0044306e+00
   5.9500000e+01  -1.0037413e+00
   6.0000000e+01  -1.0029797e+00
   6.0500000e+01  -1.0021163e+00
   6.1000000e+01  -1.0011517e+00
   6.1500000e+01  -1.0001035e+00
   6.2000000e+01  -9.9899699e-01
   6.2500000e+01  -9.9785897e-01
   6.3000000e+01  -9.9671407e-01
   6.3500000e+01  -9.9558266e-01
   6.4000000e+01  -9.9448026e-01
   6.4500000e+01  -9.9341762e-01
   6.5000000e+01  -9.9240135e-01
   6.5500000e+01  -9.9143472e-01
   6.6000000e+01  -9.9051851e-01
   6.6500000e+01  -9.8965180e-01
   6.7000000e+01  -9.8883262e-01
   6.7500000e+01  -9.8805848e-01
   6.8000000e+01  -9.8732674e-01
   6.8500000e+01  -9.8663486e-01
   6.9000000e+01  -9.8598056e-01
   6.9500000e+01  -9.8536186e-01
   7.0000000e+01  -9.8477716e-01
   7.0500000e+01  -9.8422517e-01
   7.1000000e+01  -9.8370486e-01
   7.1500000e+01  -9.8321546e-01
   7.2000000e+01  -9.8275636e-01
   7.2500000e+01  -9.8232708e-01
   7.3000000e+01  -9.8192720e-01
   7.3500000e+01  -9.8155632e-01
   7.4000000e+01  -9.8121400e-01
   7.4500000e+01   3.8747219e-02
   7.5000000e+01   6.7737332e-01
   7.5500000e+01   9.8255358e-01
   7.6000000e+01   1.0427099e+00
   7.6500000e+01   9.4985525e-01
   7.7000000e+01   7.7913000e-01
   7.7500000e+01   5.8324782e-01
   7.8000000e+01   3.9483868e-01
   7.8500000e+01   2.3135729e-01
   7.9000000e+01   9.9897528e-02
   7.9500000e+01   1.0296483e-03
   8.0000000e+01  -6.8294194e-02
   8.0500000e+01  -1.1301999e-01
   8.1000000e+01  -1.3868516e-01
   8.1500000e+01  -1.5059427e-01
   8.2000000e+01  -1.5335589e-01
   8.2500000e+01  -1.5067989e-01
   8.3000000e+01  -1.4535081e-01
   8.3500000e+01  -1.3930890e-01
   8.4000000e+01  -1.3378685e-01
   8.4500000e+01  -1.2946524e-01
   8.5000000e+01  -1.2662289e-01
   8.5500000e+01  -1.2526848e-01
   8.6000000e+01  -1.2524721e-01
   8.6500000e+01  -1.2632167e-01
   8.7000000e+01  -1.2822887e-01
   8.7500000e+01  -1.3071715e-01
   8.8000000e+01  -1.3356728e-01
   8.8500000e+01  -1.3660191e-01
   8.9000000e+01  -1.3968705e-01
   8.9500000e+01  -1.4272866e-01
   9.0000000e+01  -1.4566649e-01
   9.0500000e+01  -1.4846712e-01
   9.1000000e+01  -1.5111695e-01
   9.1500000e+01  -1.5361610e-01
   9.2000000e+01  -1.5597324e-01
   9.2500000e+01  -1.5820169e-01
   9.3000000e+01  -1.6031658e-01
   9.3500000e+01  -1.6233288e-01
   9.4000000e+01  -1.6426428e-01
   9.4500000e+01  -1.6612259e-01
   9.5000000e+01  -1.6791753e-01
   9.5500000e+01  -1.6965681e-01
   9.6000000e+01  -1.7134633e-01
   9.6500000e+01  -1.7299049e-01
   9.7000000e+01  -1.7459241e-01
   9.7500000e+01  -1.7615424e-01
   9.8000000e+01  -1.7767730e-01
   9.8500000e+01  -1.7916222e-01
   9.9000000e+01  -1.8060896e-01
   9.9500000e+01   2.7183888e-01
   1.0000000e+02   5.0998502e-01
   1.0050000e+02   6.0526026e-01
   1.0100000e+02   6.1097284e-01
   1.0150000e+02   5.6535329e-01
   1.0200000e+02   4.9488262e-01
   1.0250000e+02   4.1717567e-01
   1.0300000e+02   3.4299138e-01
   1.0350000e+02   2.7812833e-01
   1.0400000e+02   2.2495998e-01
   1.0450000e+02   1.8365104e-01
   1.0500000e+02   1.5308113e-01
   1.0550000e+02   1.3150800e-01
   1.0600000e+02   1.1701234e-01
   1.0650000e+02   1.0777099e-01
   1.0700000e+02   1.0220373e-01
   1.0750000e+02   9.9032598e-02
   1.0800000e+02   9.7285117e-02
   1.0850000e+02   9.6265013e-02
   1.0900000e+02   9.5507090e-02
   1.0950000e+02   9.4727508e-02
   1.1000000e+02   9.3776363e-02
   1.1050000e+02   9.2596403e-02
   1.1100000e+02   9.1189465e-02
   1.1150000e+02   8.9590837e-02
   1.1200000e+02   8.7850864e-02
   1.1250000e+02   8.6022665e-02
   1.1300000e+02   8.4154704e-02
   1.1350000e+02   8.2286967e-02
   1.1400000e+02   8.0449652e-02
   1.1450000e+02   7.8663466e-02
   1.1500000e+02   7.6940843e-02
   1.1550000e+02   7.5287572e-02
   1.1600000e+02   7.3704485e-02
   1.1650000e+02   7.2189021e-02
   1.1700000e+02   7.0736534e-02
   1.1750000e+02   6.9341321e-02
   1.1800000e+02   6.7997382e-02
   1.1850000e+02   6.6698932e-02
   1.1900000e+02   6.5440741e-02
   1.1950000e+02   6.4218332e-02
   1.2000000e+02   6.3028112e-02
   1.2050000e+02   6.1867485e-02
   1.2100000e+02   6.0734998e-02
   1.2150000e+02   5.9630596e-02
   1.2200000e+02   5.8556044e-02
   1.2250000e+02   5.7515634e-02
   1.2300000e+02   5.6517307e-02
   1.2350000e+02   5.5565411e-02
   1.2400000e+02   5.4658673e-02
   1.2450000e+02   1.1211368e+00
   1.2500000e+02   1.6902087e+00
   1.2550000e+02   1.9606152e+00
   1.2600000e+02   2.0489507e+00
   1.2650000e+02   2.0243148e+00
   1.2700000e+02   1.9320999e+00
   1.2750000e+02   1.8050052e+00
   1.2800000e+02   1.6668905e+00
   1.2850000e+02   1.5341168e+00
   1.2900000e+02   1.4165802e+00
   1.2950000e+02   1.3190002e+00
   1.3000000e+02   1.2423485e+00
   1.3050000e+02   1.1851839e+00
   1.3100000e+02   1.1447437e+00
   1.3150000e+02   1.1177459e+00
   1.3200000e+02   1.1009233e+00
   1.3250000e+02   1.0913398e+00
   1.3300000e+02   1.0865464e+00
   1.3350000e+02   1.0846253e+00
   1.3400000e+02   1.0841645e+00
   1.3450000e+02   1.0841928e+00
   1.3500000e+02   1.0840976e+00
   1.3550000e+02   1.0835405e+00
   1.3600000e+02   1.0823801e+00
   1.3650000e+02   1.0806063e+00
   1.3700000e+02   1.0782877e+00
   1.3750000e+02   1.0755332e+00
   1.3800000e+02   1.0724644e+00
   1.3850000e+02   1.0691983e+00
   1.3900000e+02   1.0658369e+00
   1.3950000e+02   1.0624633e+00
   1.4000000e+02   1.0591403e+00
   1.4050000e+02   1.0559127e+00
   1.4100000e+02   1.0528091e+00
   1.4150000e+02   1.0498459e+00
   1.4200000e+02   1.0470302e+00
   1.4250000e+02   1.0443624e+00
   1.4300000e+02   1.0418387e+00
   1.4350000e+02   1.0394530e+00
   1.4400000e+02   1.0371979e+00
   1.4450000e+02   1.0350657e+00
   1.4500000e+02   1.0330488e+00
   1.4550000e+02   1.0311396e+00
   1.4600000e+02   1.0293307e+00
   1.4650000e+02   1.0276142e+00
   1.4700000e+02   1.0259813e+00
   1.4750000e+02   1.0244211e+00
   1.4800000e+02   1.0229192e+00
   1.4850000e+02   1.0214630e+00
   1.4900000e+02   1.0200443e+00
   1.4950000e+02   1.0186556e+00
   1.5000000e+02   1.0170453e+00
