   0.0000000e+00   0.0000000e+00
   5.0000000e-01   0.0000000e+00
   1.0000000e+00   0.0000000e+00
   1.5000000e+00   0.0000000e+00
   2.0000000e+00   0.0000000e+00
   2.5000000e+00   0.0000000e+00
   3.0000000e+00   0.0000000e+00
   3.5000000e+00   0.0000000e+00
   4.0000000e+00   0.0000000e+00
   4.5000000e+00   0.0000000e+00
   5.0000000e+00   2.0888123e-01
   5.5000000e+00   4.2736633e-01
   6.0000000e+00   5.9967206e-01
   6.5000000e+00   7.2584743e-01
   7.0000000e+00   8.1815061e-01
   7.5000000e+00   8.8653379e-01
   8.0000000e+00   9.3691093e-01
   8.5000000e+00   9.7283315e-01
   9.0000000e+00   9.9698170e-01
   9.5000000e+00   1.0118139e+00
   1.0000000e+01   1.0196514e+00
   1.0500000e+01   1.0225718e+00
   1.1000000e+01   1.0223039e+00
   1.1500000e+01   1.0201888e+00
   1.2000000e+01   1.0171987e+00
   1.2500000e+01   1.0139910e+00
   1.3000000e+01   1.0109723e+00
   1.3500000e+01   1.0083624e+00
   1.4000000e+01   1.0062499e+00
   1.4500000e+01   1.0046370e+00
   1.5000000e+01   1.0034752e+00
   1.5500000e+01   1.0026903e+00
   1.6000000e+01   1.0022006e+00
   1.6500000e+01   1.0019279e+00
   1.7000000e+01   1.0018041e+00
   1.7500000e+01   1.0017739e+00
   1.8000000e+01   1.0017951e+00
   1.8500000e+01   1.0018377e+00
   1.9000000e+01   1.0018818e+00
   1.9500000e+01   1.0019159e+00
   2.0000000e+01   1.0019342e+00
   2.0500000e+01   1.0019350e+00
   2.1000000e+01   1.0019195e+00
   2.1500000e+01   1.0018902e+00
   2.2000000e+01   1.0018501e+00
   2.2500000e+01   1.0018023e+00
   2.3000000e+01   1.0017498e+00
   2.3500000e+01   1.0016948e+00
   2.4000000e+01   1.0016391e+00
   2.4500000e+01   1.0015841e+00
   2.5000000e+01   1.0015306e+00
   2.5500000e+01   1.0014792e+00
   2.6000000e+01   1.0014300e+00
   2.6500000e+01   1.0013831e+00
   2.7000000e+01   1.0013385e+00
   2.7500000e+01   8.7698254e-01
   2.8000000e+01   7.9507965e-01
   2.8500000e+01   7.8064097e-01
   2.9000000e+01   8.0988312e-01
   2.9500000e+01   8.5573813e-01
   3.0000000e+01   9.0128608e-01
   3.0500000e+01   9.3920533e-01
   3.1000000e+01   9.6785637e-01
   3.1500000e+01   9.8809177e-01
   3.2000000e+01   1.0015044e+00
   3.2500000e+01   1.0096963e+00
   3.3000000e+01   1.0140557e+00
   3.3500000e+01   1.0157245e+00
   3.4000000e+01   1.0156157e+00
   3.4500000e+01   1.0144368e+00
   3.5000000e+01   1.0127139e+00
   3.5500000e+01   1.0108163e+00
   3.6000000e+01   1.0089847e+00
   3.6500000e+01   1.0073588e+00
   3.7000000e+01   1.0060035e+00
   3.7500000e+01   1.0049326e+00
   3.8000000e+01   1.0041272e+00
   3.8500000e+01   1.0035506e+00
   3.9000000e+01   1.0031587e+00
   3.9500000e+01   1.0029075e+00
   4.0000000e+01   1.0027570e+00
   4.0500000e+01   1.0026734e+00
   4.1000000e+01   1.0026302e+00
   4.1500000e+01   1.0026077e+00
   4.2000000e+01   1.0025923e+00
   4.2500000e+01   1.0025753e+00
   4.3000000e+01   1.0025518e+00
   4.3500000e+01   1.0025198e+00
   4.4000000e+01   1.0024789e+00
   4.4500000e+01   1.0024301e+00
   4.5000000e+01   1.0023750e+00
   4.5500000e+01   1.0023152e+00
   4.6000000e+01   1.0022523e+00
   4.6500000e+01   1.0021879e+00
   4.7000000e+01   1.0021231e+00
   4.7500000e+01   1.0020588e+00
   4.8000000e+01   1.0019956e+00
   4.8500000e+01   1.0019341e+00
   4.9000000e+01   1.0018743e+00
   4.9500000e+01   1.0018165e+00
   5.0000000e+01   9.7405498e-01
   5.0500000e+01   9.5069741e-01
   5.1000000e+01   9.4087527e-01
   5.1500000e+01   9.4324609e-01
   5.2000000e+01   9.5326940e-01
   5.2500000e+01   9.6652103e-01
   5.3000000e+01   9.7979505e-01
   5.3500000e+01   9.9120467e-01
   5.4000000e+01   9.9992329e-01
   5.4500000e+01   1.0058509e+00
   5.5000000e+01   1.0093151e+00
   5.5500000e+01   1.0108408e+00
   5.6000000e+01   1.0109922e+00
   5.6500000e+01   1.0102783e+00
   5.7000000e+01   1.0091071e+00
   5.7500000e+01   1.0077750e+00
   5.8000000e+01   1.0064754e+00
   5.8500000e+01   1.0053187e+00
   5.9000000e+01   1.0043537e+00
   5.9500000e+01   1.0035882e+00
   6.0000000e+01   1.0030056e+00
   6.0500000e+01   1.0025773e+00
   6.1000000e+01   1.0022710e+00
   6.1500000e+01   1.0020556e+00
   6.2000000e+01   1.0019046e+00
   6.2500000e+01   1.0017963e+00
   6.3000000e+01   1.0017144e+00
   6.3500000e+01   1.0016474e+00
   6.4000000e+01   1.0015876e+00
   6.4500000e+01   1.0015303e+00
   6.5000000e+01   1.0014728e+00
   6.5500000e+01   1.0014143e+00
   6.6000000e+01   1.0013546e+00
   6.6500000e+01   1.0012942e+00
   6.7000000e+01   1.0012339e+00
   6.7500000e+01   1.0011745e+00
   6.8000000e+01   1.0011168e+00
   6.8500000e+01   1.0010614e+00
   6.9000000e+01   1.0010089e+00
   6.9500000e+01   1.0009596e+00
   7.0000000e+01   1.0009138e+00
   7.0500000e+01   1.0008718e+00
   7.1000000e+01   1.0008336e+00
   7.1500000e+01   1.0007992e+00
   7.2000000e+01   1.0007687e+00
   7.2500000e+01   1.0007420e+00
   7.3000000e+01   1.0007190e+00
   7.3500000e+01   1.0006997e+00
   7.4000000e+01   1.0006840e+00
   7.4500000e+01   1.0006718e+00
   7.5000000e+01   5.8290046e-01
   7.5500000e+01   1.4592461e-01
   7.6000000e+01  -1.9868951e-01
   7.6500000e+01  -4.5104010e-01
   7.7000000e+01  -6.3564377e-01
   7.7500000e+01  -7.7240522e-01
   7.8000000e+01  -8.7315277e-01
   7.8500000e+01  -9.4498927e-01
   7.9000000e+01  -9.9327981e-01
   7.9500000e+01  -1.0229460e+00
   8.0000000e+01  -1.0386421e+00
   8.0500000e+01  -1.0445102e+00
   8.1000000e+01  -1.0439938e+00
   8.1500000e+01  -1.0397693e+00
   8.2000000e+01  -1.0337853e+00
   8.2500000e+01  -1.0273641e+00
   8.3000000e+01  -1.0213275e+00
   8.3500000e+01  -1.0161209e+00
   8.4000000e+01  -1.0119233e+00
   8.4500000e+01  -1.0087388e+00
   8.5000000e+01  -1.0064669e+00
   8.5500000e+01  -1.0049557e+00
   8.6000000e+01  -1.0040376e+00
   8.6500000e+01  -1.0035528e+00
   8.7000000e+01  -1.0033625e+00
   8.7500000e+01  -1.0033542e+00
   8.8000000e+01  -1.0034429e+00
   8.8500000e+01  -1.0035682e+00
   8.9000000e+01  -1.0036908e+00
   8.9500000e+01  -1.0037881e+00
   9.0000000e+01  -1.0038491e+00
   9.0500000e+01  -1.0038715e+00
   9.1000000e+01  -1.0038580e+00
   9.1500000e+01  -1.0038140e+00
   9.2000000e+01  -1.0037461e+00
   9.2500000e+01  -1.0036608e+00
   9.3000000e+01  -1.0035638e+00
   9.3500000e+01  -1.0034598e+00
   9.4000000e+01  -1.0033523e+00
   9.4500000e+01  -1.0032441e+00
   9.5000000e+01  -1.0031366e+00
   9.5500000e+01  -1.0030308e+00
   9.6000000e+01  -1.0029271e+00
   9.6500000e+01  -1.0028257e+00
   9.7000000e+01  -1.0027263e+00
   9.7500000e+01  -1.0026288e+00
   9.8000000e+01  -1.0025328e+00
   9.8500000e+01  -1.0024381e+00
   9.9000000e+01  -1.0023448e+00
   9.9500000e+01  -1.0022526e+00
   1.0000000e+02  -9.4675041e-01
   1.0050000e+02  -9.0005414e-01
   1.0100000e+02  -8.8042758e-01
   1.0150000e+02  -8.8518817e-01
   1.0200000e+02  -9.0526029e-01
   1.0250000e+02  -9.3180245e-01
   1.0300000e+02  -9.5838865e-01
   1.0350000e+02  -9.8123669e-01
   1.0400000e+02  -9.9869303e-01
   1.0450000e+02  -1.0105619e+00
   1.0500000e+02  -1.0175042e+00
   1.0550000e+02  -1.0205747e+00
   1.0600000e+02  -1.0209055e+00
   1.0650000e+02  -1.0195163e+00
   1.0700000e+02  -1.0172242e+00
   1.0750000e+02  -1.0146209e+00
   1.0800000e+02  -1.0120920e+00
   1.0850000e+02  -1.0098560e+00
   1.0900000e+02  -1.0080083e+00
   1.0950000e+02  -1.0065625e+00
   1.1000000e+02  -1.0054836e+00
   1.1050000e+02  -1.0047127e+00
   1.1100000e+02  -1.0041841e+00
   1.1150000e+02  -1.0038350e+00
   1.1200000e+02  -1.0036115e+00
   1.1250000e+02  -1.0034701e+00
   1.1300000e+02  -1.0033780e+00
   1.1350000e+02  -1.0033118e+00
   1.1400000e+02  -1.0032561e+00
   1.1450000e+02  -1.0032011e+00
   1.1500000e+02  -1.0031418e+00
   1.1550000e+02  -1.0030758e+00
   1.1600000e+02  -1.0030029e+00
   1.1650000e+02  -1.0029237e+00
   1.1700000e+02  -1.0028397e+00
   1.1750000e+02  -1.0027521e+00
   1.1800000e+02  -1.0026622e+00
   1.1850000e+02  -1.0025711e+00
   1.1900000e+02  -1.0024796e+00
   1.1950000e+02  -1.0023882e+00
   1.2000000e+02  -1.0022972e+00
   1.2050000e+02  -1.0022068e+00
   1.2100000e+02  -1.0021170e+00
   1.2150000e+02  -1.0020276e+00
   1.2200000e+02  -1.0019386e+00
   1.2250000e+02  -1.0018498e+00
   1.2300000e+02  -1.0017610e+00
   1.2350000e+02  -1.0016722e+00
   1.2400000e+02  -1.0015873e+00
   1.2450000e+02  -1.0015191e+00
   1.2500000e+02  -7.5285894e-01
   1.2550000e+02  -5.8910086e-01
   1.2600000e+02  -5.6024672e-01
   1.2650000e+02  -6.1873038e-01
   1.2700000e+02  -7.1042669e-01
   1.2750000e+02  -8.0150698e-01
   1.2800000e+02  -8.7733499e-01
   1.2850000e+02  -9.3463401e-01
   1.2900000e+02  -9.7510819e-01
   1.2950000e+02  -1.0019407e+00
   1.3000000e+02  -1.0183324e+00
   1.3050000e+02  -1.0270572e+00
   1.3100000e+02  -1.0303974e+00
   1.3150000e+02  -1.0301779e+00
   1.3200000e+02  -1.0278138e+00
   1.3250000e+02  -1.0243571e+00
   1.3300000e+02  -1.0205477e+00
   1.3350000e+02  -1.0168678e+00
   1.3400000e+02  -1.0135978e+00
   1.3450000e+02  -1.0108688e+00
   1.3500000e+02  -1.0087088e+00
   1.3550000e+02  -1.0070811e+00
   1.3600000e+02  -1.0059127e+00
   1.3650000e+02  -1.0051163e+00
   1.3700000e+02  -1.0046039e+00
   1.3750000e+02  -1.0042958e+00
   1.3800000e+02  -1.0041250e+00
   1.3850000e+02  -1.0040386e+00
   1.3900000e+02  -1.0039972e+00
   1.3950000e+02  -1.0039738e+00
   1.4000000e+02  -1.0039511e+00
   1.4050000e+02  -1.0039195e+00
   1.4100000e+02  -1.0038750e+00
   1.4150000e+02  -1.0038171e+00
   1.4200000e+02  -1.0037478e+00
   1.4250000e+02  -1.0036702e+00
   1.4300000e+02  -1.0035878e+00
   1.4350000e+02  -1.0035037e+00
   1.4400000e+02  -1.0034210e+00
   1.4450000e+02  -1.0033420e+00
   1.4500000e+02  -1.0032683e+00
   1.4550000e+02  -1.0032010e+00
   1.4600000e+02  -1.0031407e+00
   1.4650000e+02  -1.0030876e+00
   1.4700000e+02  -1.0030414e+00
   1.4750000e+02  -1.0030016e+00
   1.4800000e+02  -1.0029674e+00
   1.4850000e+02  -1.0029378e+00
   1.4900000e+02  -1.0029082e+00
   1.4950000e+02  -1.0028652e+00
   1.5000000e+02  -1.0027880e+00
