   0.0000000e+00   0.0000000e+00
   5.0000000e-01   0.0000000e+00
   1.0000000e+00   0.0000000e+00
   1.5000000e+00   0.0000000e+00
   2.0000000e+00   0.0000000e+00
   2.5000000e+00   0.0000000e+00
   3.0000000e+00   0.0000000e+00
   3.5000000e+00   0.0000000e+00
   4.0000000e+00   0.0000000e+00
   4.5000000e+00   0.0000000e+00
   5.0000000e+00   1.9066508e-01
   5.5000000e+00   2.9075751e-01
   6.0000000e+00   2.8243525e-01
   6.5000000e+00   2.1848337e-01
   7.0000000e+00   1.4429639e-01
   7.5000000e+00   8.2254178e-02
   8.0000000e+00   3.8087360e-02
   8.5000000e+00   9.7819338e-03
   9.0000000e+00  -6.7691771e-03
   9.5000000e+00  -1.5337072e-02
   1.0000000e+01  -1.8746130e-02
   1.0500000e+01  -1.8966729e-02
   1.1000000e+01  -1.7350909e-02
   1.1500000e+01  -1.4822770e-02
   1.2000000e+01  -1.2001505e-02
   1.2500000e+01  -9.2805550e-03
   1.3000000e+01  -6.8848195e-03
   1.3500000e+01  -4.9169212e-03
   1.4000000e+01  -3.3959104e-03
   1.4500000e+01  -2.2887361e-03
   1.5000000e+01  -1.5344232e-03
   1.5500000e+01  -1.0614014e-03
   1.6000000e+01  -7.9893756e-04
   1.6500000e+01  -6.8387851e-04
   1.7000000e+01  -6.6391566e-04
   1.7500000e+01  -6.9845083e-04
   1.8000000e+01  -7.5794420e-04
   1.8500000e+01  -8.2242009e-04
   1.9000000e+01  -8.7961689e-04
   1.9500000e+01  -9.2310798e-04
   2.0000000e+01  -9.5059243e-04
   2.0500000e+01  -9.6245840e-04
   2.1000000e+01  -9.6065367e-04
   2.1500000e+01  -9.4785364e-04
   2.2000000e+01  -9.2689084e-04
   2.2500000e+01  -9.0039852e-04
   2.3000000e+01  -8.7061813e-04
   2.3500000e+01  -8.3932410e-04
   2.4000000e+01  -8.0782654e-04
   2.4500000e+01  -7.7702006e-04
   2.5000000e+01  -7.4745533e-04
   2.5500000e+01  -7.1941698e-04
   2.6000000e+01  -6.9299739e-04
   2.6500000e+01  -6.6816064e-04
   2.7000000e+01  -6.4479402e-04
   2.7500000e+01  -3.3951082e-01
   2.8000000e+01  -6.2475670e-01
   2.8500000e+01  -7.9068378e-01
   2.9000000e+01  -8.7404904e-01
   2.9500000e+01  -9.1745313e-01
   3.0000000e+01  -9.4524420e-01
   3.0500000e+01  -9.6670375e-01
   3.1000000e+01  -9.8386663e-01
   3.1500000e+01  -9.9672073e-01
   3.2000000e+01  -1.0053468e+00
   3.2500000e+01  -1.0103221e+00
   3.3000000e+01  -1.0125089e+00
   3.3500000e+01  -1.0127888e+00
   3.4000000e+01  -1.0119067e+00
   3.4500000e+01  -1.0104229e+00
   3.5000000e+01  -1.0087240e+00
   3.5500000e+01  -1.0070561e+00
   3.6000000e+01  -1.0055611e+00
   3.6500000e+01  -1.0043066e+00
   3.7000000e+01  -1.0033108e+00
   3.7500000e+01  -1.0025604e+00
   3.8000000e+01  -1.0020243e+00
   3.8500000e+01  -1.0016636e+00
   3.9000000e+01  -1.0014384e+00
   3.9500000e+01  -1.0013117e+00
   4.0000000e+01  -1.0012519e+00
   4.0500000e+01  -1.0012336e+00
   4.1000000e+01  -1.0012377e+00
   4.1500000e+01  -1.0012505e+00
   4.2000000e+01  -1.0012632e+00
   4.2500000e+01  -1.0012706e+00
   4.3000000e+01  -1.0012701e+00
   4.3500000e+01  -1.0012613e+00
   4.4000000e+01  -1.0012446e+00
   4.4500000e+01  -1.0012212e+00
   4.5000000e+01  -1.0011928e+00
   4.5500000e+01  -1.0011607e+00
   4.6000000e+01  -1.0011263e+00
   4.6500000e+01  -1.0010908e+00
   4.7000000e+01  -1.0010551e+00
   4.7500000e+01  -1.0010198e+00
   4.8000000e+01  -1.0009853e+00
   4.8500000e+01  -1.0009519e+00
   4.9000000e+01  -1.0009198e+00
   4.9500000e+01  -1.0008890e+00
   5.0000000e+01  -9.9921706e-01
   5.0500000e+01  -9.9056246e-01
   5.1000000e+01  -9.8072718e-01
   5.1500000e+01  -9.7502521e-01
   5.2000000e+01  -9.7506532e-01
   5.2500000e+01  -9.7964204e-01
   5.3000000e+01  -9.8649965e-01
   5.3500000e+01  -9.9358342e-01
   5.4000000e+01  -9.9956173e-01
   5.4500000e+01  -1.0038498e+00
   5.5000000e+01  -1.0064111e+00
   5.5500000e+01  -1.0075199e+00
   5.6000000e+01  -1.0075707e+00
   5.6500000e+01  -1.0069548e+00
   5.7000000e+01  -1.0059979e+00
   5.7500000e+01  -1.0049377e+00
   5.8000000e+01  -1.0039274e+00
   5.8500000e+01  -1.0030510e+00
   5.9000000e+01  -1.0023417e+00
   5.9500000e+01  -1.0017993e+00
   6.0000000e+01  -1.0014052e+00
   6.0500000e+01  -1.0011322e+00
   6.1000000e+01  -1.0009517e+00
   6.1500000e+01  -1.0008374e+00
   6.2000000e+01  -1.0007675e+00
   6.2500000e+01  -1.0007252e+00
   6.3000000e+01  -1.0006983e+00
   6.3500000e+01  -1.0006784e+00
   6.4000000e+01  -1.0006604e+00
   6.4500000e+01  -1.0006415e+00
   6.5000000e+01  -1.0006204e+00
   6.5500000e+01  -1.0005968e+00
   6.6000000e+01  -1.0005711e+00
   6.6500000e+01  -1.0005440e+00
   6.7000000e+01  -1.0005162e+00
   6.7500000e+01  -1.0004885e+00
   6.8000000e+01  -1.0004616e+00
   6.8500000e+01  -1.0004359e+00
   6.9000000e+01  -1.0004120e+00
   6.9500000e+01  -1.0003899e+00
   7.0000000e+01  -1.0003700e+00
   7.0500000e+01  -1.0003524e+00
   7.1000000e+01  -1.0003370e+00
   7.1500000e+01  -1.0003239e+00
   7.2000000e+01  -1.0003131e+00
   7.2500000e+01  -1.0003044e+00
   7.3000000e+01  -1.0002979e+00
   7.3500000e+01  -1.0002933e+00
   7.4000000e+01  -1.0002907e+00
   7.4500000e+01  -1.0002897e+00
   7.5000000e+01  -1.3816204e+00
   7.5500000e+01  -1.5818071e+00
   7.6000000e+01  -1.5651654e+00
   7.6500000e+01  -1.4372650e+00
   7.7000000e+01  -1.2888947e+00
   7.7500000e+01  -1.1648136e+00
   7.8000000e+01  -1.0764822e+00
   7.8500000e+01  -1.0198719e+00
   7.9000000e+01  -9.8676982e-01
   7.9500000e+01  -9.6964130e-01
   8.0000000e+01  -9.6285096e-01
   8.0500000e+01  -9.6245332e-01
   8.1000000e+01  -9.6573205e-01
   8.1500000e+01  -9.7082828e-01
   8.2000000e+01  -9.7649732e-01
   8.2500000e+01  -9.8194967e-01
   8.3000000e+01  -9.8673518e-01
   8.3500000e+01  -9.9064980e-01
   8.4000000e+01  -9.9365770e-01
   8.4500000e+01  -9.9582809e-01
   8.5000000e+01  -9.9728645e-01
   8.5500000e+01  -9.9817950e-01
   8.6000000e+01  -9.9865189e-01
   8.6500000e+01  -9.9883242e-01
   8.7000000e+01  -9.9882746e-01
   8.7500000e+01  -9.9871916e-01
   8.8000000e+01  -9.9856689e-01
   8.8500000e+01  -9.9841040e-01
   8.9000000e+01  -9.9827370e-01
   8.9500000e+01  -9.9816897e-01
   9.0000000e+01  -9.9810009e-01
   9.0500000e+01  -9.9806562e-01
   9.1000000e+01  -9.9806113e-01
   9.1500000e+01  -9.9808083e-01
   9.2000000e+01  -9.9811876e-01
   9.2500000e+01  -9.9816948e-01
   9.3000000e+01  -9.9822840e-01
   9.3500000e+01  -9.9829194e-01
   9.4000000e+01  -9.9835749e-01
   9.4500000e+01  -9.9842326e-01
   9.5000000e+01  -9.9848817e-01
   9.5500000e+01  -9.9855162e-01
   9.6000000e+01  -9.9861336e-01
   9.6500000e+01  -9.9867334e-01
   9.7000000e+01  -9.9873160e-01
   9.7500000e+01  -9.9878819e-01
   9.8000000e+01  -9.9884307e-01
   9.8500000e+01  -9.9889612e-01
   9.9000000e+01  -9.9894703e-01
   9.9500000e+01  -9.9899536e-01
   1.0000000e+02  -1.0023251e+00
   1.0050000e+02  -1.0196188e+00
   1.0100000e+02  -1.0392714e+00
   1.0150000e+02  -1.0506553e+00
   1.0200000e+02  -1.0505567e+00
   1.0250000e+02  -1.0413935e+00
   1.0300000e+02  -1.0276745e+00
   1.0350000e+02  -1.0135100e+00
   1.0400000e+02  -1.0015637e+00
   1.0450000e+02  -9.9300205e-01
   1.0500000e+02  -9.8789278e-01
   1.0550000e+02  -9.8568176e-01
   1.0600000e+02  -9.8557644e-01
   1.0650000e+02  -9.8679206e-01
   1.0700000e+02  -9.8867804e-01
   1.0750000e+02  -9.9076045e-01
   1.0800000e+02  -9.9273502e-01
   1.0850000e+02  -9.9443643e-01
   1.0900000e+02  -9.9580055e-01
   1.0950000e+02  -9.9682915e-01
   1.1000000e+02  -9.9756119e-01
   1.1050000e+02  -9.9805200e-01
   1.1100000e+02  -9.9835961e-01
   1.1150000e+02  -9.9853677e-01
   1.1200000e+02  -9.9862728e-01
   1.1250000e+02  -9.9866495e-01
   1.1300000e+02  -9.9867425e-01
   1.1350000e+02  -9.9867175e-01
   1.1400000e+02  -9.9866777e-01
   1.1450000e+02  -9.9866809e-01
   1.1500000e+02  -9.9867530e-01
   1.1550000e+02  -9.9868999e-01
   1.1600000e+02  -9.9871155e-01
   1.1650000e+02  -9.9873881e-01
   1.1700000e+02  -9.9877044e-01
   1.1750000e+02  -9.9880518e-01
   1.1800000e+02  -9.9884197e-01
   1.1850000e+02  -9.9888002e-01
   1.1900000e+02  -9.9891879e-01
   1.1950000e+02  -9.9895802e-01
   1.2000000e+02  -9.9899762e-01
   1.2050000e+02  -9.9903770e-01
   1.2100000e+02  -9.9907852e-01
   1.2150000e+02  -9.9912046e-01
   1.2200000e+02  -9.9916406e-01
   1.2250000e+02  -9.9921000e-01
   1.2300000e+02  -9.9925921e-01
   1.2350000e+02  -9.9931292e-01
   1.2400000e+02  -9.9937895e-01
   1.2450000e+02  -9.9947706e-01
   1.2500000e+02  -3.2185525e-01
   1.2550000e+02   2.4853947e-01
   1.2600000e+02   5.8034912e-01
   1.2650000e+02   7.4708666e-01
   1.2700000e+02   8.3393465e-01
   1.2750000e+02   8.8957017e-01
   1.2800000e+02   9.3254336e-01
   1.2850000e+02   9.6691751e-01
   1.2900000e+02   9.9266616e-01
   1.2950000e+02   1.0099508e+00
   1.3000000e+02   1.0199263e+00
   1.3050000e+02   1.0243184e+00
   1.3100000e+02   1.0248906e+00
   1.3150000e+02   1.0231339e+00
   1.3200000e+02   1.0201692e+00
   1.3250000e+02   1.0167706e+00
   1.3300000e+02   1.0134314e+00
   1.3350000e+02   1.0104359e+00
   1.3400000e+02   1.0079203e+00
   1.3450000e+02   1.0059216e+00
   1.3500000e+02   1.0044137e+00
   1.3550000e+02   1.0033352e+00
   1.3600000e+02   1.0026087e+00
   1.3650000e+02   1.0021547e+00
   1.3700000e+02   1.0018994e+00
   1.3750000e+02   1.0017799e+00
   1.3800000e+02   1.0017455e+00
   1.3850000e+02   1.0017580e+00
   1.3900000e+02   1.0017904e+00
   1.3950000e+02   1.0018251e+00
   1.4000000e+02   1.0018515e+00
   1.4050000e+02   1.0018650e+00
   1.4100000e+02   1.0018642e+00
   1.4150000e+02   1.0018504e+00
   1.4200000e+02   1.0018260e+00
   1.4250000e+02   1.0017940e+00
   1.4300000e+02   1.0017574e+00
   1.4350000e+02   1.0017187e+00
   1.4400000e+02   1.0016802e+00
   1.4450000e+02   1.0016432e+00
   1.4500000e+02   1.0016089e+00
   1.4550000e+02   1.0015776e+00
   1.4600000e+02   1.0015494e+00
   1.4650000e+02   1.0015239e+00
   1.4700000e+02   1.0015003e+00
   1.4750000e+02   1.0014777e+00
   1.4800000e+02   1.0014550e+00
   1.4850000e+02   1.0014308e+00
   1.4900000e+02   1.0014087e+00
   1.4950000e+02   1.0014040e+00
   1.5000000e+02   1.0014438e+00
